1,0.707,0.642,0.584,0.765,0.826,0.566,0.788
0.707,1,0.556,0.578,0.744,0.669,0.572,0.694
0.642,0.556,1,0.58,0.64,0.69,0.612,0.727
0.584,0.578,0.58,1,0.595,0.554,0.604,0.632
0.765,0.744,0.64,0.595,1,0.817,0.582,0.763
0.826,0.669,0.69,0.554,0.817,1,0.553,0.837
0.566,0.572,0.612,0.604,0.582,0.553,1,0.657
0.788,0.694,0.727,0.632,0.763,0.837,0.657,1
